variables: TrueNProtons TrueNProtons TrueLeadingProtonP TrueLeadingProtonP
-99999.000000 1.000000 -99999.000000 99999.000000
1.000000 2.000000 0.350000 0.733333
1.000000 2.000000 0.733333 1.116667
1.000000 2.000000 1.116667 1.500000
1.000000 2.000000 1.500000 99999.000000
2.000000 3.000000 0.350000 0.733333
2.000000 3.000000 0.733333 1.116667
2.000000 3.000000 1.116667 1.500000
2.000000 3.000000 1.500000 99999.000000
3.000000 99999.000000 0.350000 0.733333
3.000000 99999.000000 0.733333 1.116667
3.000000 99999.000000 1.116667 1.500000
3.000000 99999.000000 1.500000 99999.000000
